255 255 255 255 255 255   0   0   0   0 255 255 255 255 255 255
255 255 255 255 255   0 255 255   0 255   0 255 255 255 255 255
255 255   0   0 255   0   0   0   0 255   0 255   0   0 255 255
255 255   0   0 255   0   0 255   0 255   0 255   0   0 255 255
255 255 255 255 255   0 255   0   0   0   0 255 255 255 255 255
255   0   0   0   0   0   0 255 255   0   0   0   0   0   0 255
  0   0   0 255 255   0   0   0   0   0 255 255   0   0 255   0
  0   0 255 255 255 255   0   0   0   0   0   0 255   0   0   0
  0   0   0 255   0 255 255 255   0 255   0   0   0 255 255   0
  0   0   0   0   0   0   0   0 255   0 255   0 255 255   0   0
255   0   0   0   0   0 255 255   0   0 255 255   0 255 255   0
255 255 255 255 255   0 255   0 255 255 255   0 255   0   0   0
255 255   0   0 255   0 255 255 255   0   0 255 255   0   0   0
255 255   0   0 255   0   0   0 255   0   0   0 255   0 255   0
255 255 255 255 255   0   0   0 255 255 255 255 255 255 255   0
255 255 255 255 255 255   0   0   0   0   0   0   0   0   0   0
255 255 255 255 255 255   0   0   0   0 255 255 255 255 255 255
255 255 255 255 255   0 255 255   0 255   0 255 255 255 255 255
255 255   0   0 255   0   0   0   0 255   0 255   0   0 255 255
255 255   0   0 255   0   0 255   0 255   0 255   0   0 255 255
255 255 255 255 255   0 255   0   0   0   0 255 255 255 255 255
255   0   0   0   0   0   0 255 255   0   0   0   0   0   0 255
  0   0   0 255 255   0   0   0   0   0 255 255   0   0 255   0
  0   0 255 255 255 255   0   0   0   0   0   0 255   0   0   0
  0   0   0 255   0 255 255 255   0 255   0   0   0 255 255   0
  0   0   0   0   0   0   0   0 255   0 255   0 255 255   0   0
255   0   0   0   0   0 255 255   0   0 255 255   0 255 255   0
255 255 255 255 255   0 255   0 255 255 255   0 255   0   0   0
255 255   0   0 255   0 255 255 255   0   0 255 255   0   0   0
255 255   0   0 255   0   0   0 255   0   0   0 255   0 255   0
255 255 255 255 255   0   0   0 255 255 255 255 255 255 255   0
255 255 255 255 255 255   0   0   0   0   0   0   0   0   0   0
255 255 255 255 255 255   0   0   0   0 255 255 255 255 255 255
255 255 255 255 255   0 255 255   0 255   0 255 255 255 255 255
255 255   0   0 255   0   0   0   0 255   0 255   0   0 255 255
255 255   0   0 255   0   0 255   0 255   0 255   0   0 255 255
255 255 255 255 255   0 255   0   0   0   0 255 255 255 255 255
255   0   0   0   0   0   0 255 255   0   0   0   0   0   0 255
  0   0   0 255 255   0   0   0   0   0 255 255   0   0 255   0
  0   0 255 255 255 255   0   0   0   0   0   0 255   0   0   0
  0   0   0 255   0 255 255 255   0 255   0   0   0 255 255   0
  0   0   0   0   0   0   0   0 255   0 255   0 255 255   0   0
255   0   0   0   0   0 255 255   0   0 255 255   0 255 255   0
255 255 255 255 255   0 255   0 255 255 255   0 255   0   0   0
255 255   0   0 255   0 255 255 255   0   0 255 255   0   0   0
255 255   0   0 255   0   0   0 255   0   0   0 255   0 255   0
255 255 255 255 255   0   0   0 255 255 255 255 255 255 255   0
255 255 255 255 255 255   0   0   0   0   0   0   0   0   0   0

156 120 120 121 117 163 106  17  59 120 124 101  73 198 138 220
120 154 145 154 125 156 117  53  96 168 177 103  44 146 195 189
120 145  43  67 114 142 106  68 111 161 126  88 133 192 205 169
121 154  67  88 122 147 135 136 124 100  77 124 212 225 230 236
117 125 114 122 104 157 158 142 123  84 110 158 148 132 196 244
163 166 159 160 137 157 112 125 171 166 179 181 111 135 139 150
106 143 153 139 110  88  45  82 150 148 145 150 132 146 173 184
 39  87 148 135  83  84  62  66  82  84  74  93 115 129 154 162
 98 119 109 129 106 138  92  93 112  82  97 117 130  99  69 102
165 169  90 119 149 174 109 119 144 110 154 196 177 108  81 144
163 156 142 147 145 181 158 142 113 100 157 164 164 141 137 158
117 125 114 122 104 152 192 168 111 108 132 104 122 114 125 117
121 154  67  88 122 164 198 161 107 122 148 122  88  67 154 121
120 145  43  67 114 141 133 119  87 110 154 114  67  43 145 120
120 154 145 154 125 137  85  47  32  68 137 125 154 145 154 120
156 120 120 121 117 158  94   5   5  94 158 117 121 120 120 156
156 120 120 121 117 163 106  17  59 120 124 101  73 198 138 220
120 154 145 154 125 156 117  53  96 168 177 103  44 146 195 189
120 145  43  67 114 142 106  68 111 161 126  88 133 192 205 169
121 154  67  88 122 147 135 136 124 100  77 124 212 225 230 236
117 125 114 122 104 157 158 142 123  84 110 158 148 132 196 244
163 166 159 160 137 157 112 125 171 166 179 181 111 135 139 150
106 143 153 139 110  88  45  82 150 148 145 150 132 146 173 184
 39  87 148 135  83  84  62  66  82  84  74  93 115 129 154 162
 98 119 109 129 106 138  92  93 112  82  97 117 130  99  69 102
165 169  90 119 149 174 109 119 144 110 154 196 177 108  81 144
163 156 142 147 145 181 158 142 113 100 157 164 164 141 137 158
117 125 114 122 104 152 192 168 111 108 132 104 122 114 125 117
121 154  67  88 122 164 198 161 107 122 148 122  88  67 154 121
120 145  43  67 114 141 133 119  87 110 154 114  67  43 145 120
120 154 145 154 125 137  85  47  32  68 137 125 154 145 154 120
156 120 120 121 117 158  94   5   5  94 158 117 121 120 120 156
156 120 120 121 117 163 106  17  59 120 124 101  73 198 138 220
120 154 145 154 125 156 117  53  96 168 177 103  44 146 195 189
120 145  43  67 114 142 106  68 111 161 126  88 133 192 205 169
121 154  67  88 122 147 135 136 124 100  77 124 212 225 230 236
117 125 114 122 104 157 158 142 123  84 110 158 148 132 196 244
163 166 159 160 137 157 112 125 171 166 179 181 111 135 139 150
106 143 153 139 110  88  45  82 150 148 145 150 132 146 173 184
 39  87 148 135  83  84  62  66  82  84  74  93 115 129 154 162
 98 119 109 129 106 138  92  93 112  82  97 117 130  99  69 102
165 169  90 119 149 174 109 119 144 110 154 196 177 108  81 144
163 156 142 147 145 181 158 142 113 100 157 164 164 141 137 158
117 125 114 122 104 152 192 168 111 108 132 104 122 114 125 117
121 154  67  88 122 164 198 161 107 122 148 122  88  67 154 121
120 145  43  67 114 141 133 119  87 110 154 114  67  43 145 120
120 154 145 154 125 137  85  47  32  68 137 125 154 145 154 120
156 120 120 121 117 158  94   5   5  94 158 117 121 120 120 156

220 189 169 236 244 150 184 162 102 144 158 117 121 120 120 156
138 195 205 230 196 139 173 154  69  81 137 125 154 145 154 120
198 146 192 225 132 135 146 129  99 108 141 114  67  43 145 120
 73  44 133 212 148 111 132 115 130 177 164 122  88  67 154 121
101 103  88 124 158 181 150  93 117 196 164 104 122 114 125 117
124 177 126  77 110 179 145  74  97 154 157 132 148 154 137 158
120 168 161 100  84 166 148  84  82 110 100 108 122 110  68  94
 59  96 111 124 123 171 150  82 112 144 113 111 107  87  32   5
 17  53  68 136 142 125  82  66  93 119 142 168 161 119  47   5
106 117 106 135 158 112  45  62  92 109 158 192 198 133  85  94
163 156 142 147 157 157  88  84 138 174 181 152 164 141 137 158
117 125 114 122 104 137 110  83 106 149 145 104 122 114 125 117
121 154  67  88 122 160 139 135 129 119 147 122  88  67 154 121
120 145  43  67 114 159 153 148 109  90 142 114  67  43 145 120
120 154 145 154 125 166 143  87 119 169 156 125 154 145 154 120
156 120 120 121 117 163 106  39  98 165 163 117 121 120 120 156
220 189 169 236 244 150 184 162 102 144 158 117 121 120 120 156
138 195 205 230 196 139 173 154  69  81 137 125 154 145 154 120
198 146 192 225 132 135 146 129  99 108 141 114  67  43 145 120
 73  44 133 212 148 111 132 115 130 177 164 122  88  67 154 121
101 103  88 124 158 181 150  93 117 196 164 104 122 114 125 117
124 177 126  77 110 179 145  74  97 154 157 132 148 154 137 158
120 168 161 100  84 166 148  84  82 110 100 108 122 110  68  94
 59  96 111 124 123 171 150  82 112 144 113 111 107  87  32   5
 17  53  68 136 142 125  82  66  93 119 142 168 161 119  47   5
106 117 106 135 158 112  45  62  92 109 158 192 198 133  85  94
163 156 142 147 157 157  88  84 138 174 181 152 164 141 137 158
117 125 114 122 104 137 110  83 106 149 145 104 122 114 125 117
121 154  67  88 122 160 139 135 129 119 147 122  88  67 154 121
120 145  43  67 114 159 153 148 109  90 142 114  67  43 145 120
120 154 145 154 125 166 143  87 119 169 156 125 154 145 154 120
156 120 120 121 117 163 106  39  98 165 163 117 121 120 120 156
220 189 169 236 244 150 184 162 102 144 158 117 121 120 120 156
138 195 205 230 196 139 173 154  69  81 137 125 154 145 154 120
198 146 192 225 132 135 146 129  99 108 141 114  67  43 145 120
 73  44 133 212 148 111 132 115 130 177 164 122  88  67 154 121
101 103  88 124 158 181 150  93 117 196 164 104 122 114 125 117
124 177 126  77 110 179 145  74  97 154 157 132 148 154 137 158
120 168 161 100  84 166 148  84  82 110 100 108 122 110  68  94
 59  96 111 124 123 171 150  82 112 144 113 111 107  87  32   5
 17  53  68 136 142 125  82  66  93 119 142 168 161 119  47   5
106 117 106 135 158 112  45  62  92 109 158 192 198 133  85  94
163 156 142 147 157 157  88  84 138 174 181 152 164 141 137 158
117 125 114 122 104 137 110  83 106 149 145 104 122 114 125 117
121 154  67  88 122 160 139 135 129 119 147 122  88  67 154 121
120 145  43  67 114 159 153 148 109  90 142 114  67  43 145 120
120 154 145 154 125 166 143  87 119 169 156 125 154 145 154 120
156 120 120 121 117 163 106  39  98 165 163 117 121 120 120 156

156 120 120 121 117 158  94   5   5  94 158 117 121 120 120 156
120 154 145 154 125 137  68  32  47  85 137 125 154 145 154 120
120 145  43  67 114 154 110  87 119 133 141 114  67  43 145 120
121 154  67  88 122 148 122 107 161 198 164 122  88  67 154 121
117 125 114 122 104 132 108 111 168 192 152 104 122 114 125 117
158 137 141 164 164 157 100 113 142 158 181 145 147 142 156 163
144  81 108 177 196 154 110 144 119 109 174 149 119  90 169 165
102  69  99 130 117  97  82 112  93  92 138 106 129 109 119  98
162 154 129 115  93  74  84  82  66  62  84  83 135 148  87  39
184 173 146 132 150 145 148 150  82  45  88 110 139 153 143 106
150 139 135 111 181 179 166 171 125 112 157 137 160 159 166 163
244 196 132 148 158 110  84 123 142 158 157 104 122 114 125 117
236 230 225 212 124  77 100 124 136 135 147 122  88  67 154 121
169 205 192 133  88 126 161 111  68 106 142 114  67  43 145 120
189 195 146  44 103 177 168  96  53 117 156 125 154 145 154 120
220 138 198  73 101 124 120  59  17 106 163 117 121 120 120 156
156 120 120 121 117 158  94   5   5  94 158 117 121 120 120 156
120 154 145 154 125 137  68  32  47  85 137 125 154 145 154 120
120 145  43  67 114 154 110  87 119 133 141 114  67  43 145 120
121 154  67  88 122 148 122 107 161 198 164 122  88  67 154 121
117 125 114 122 104 132 108 111 168 192 152 104 122 114 125 117
158 137 141 164 164 157 100 113 142 158 181 145 147 142 156 163
144  81 108 177 196 154 110 144 119 109 174 149 119  90 169 165
102  69  99 130 117  97  82 112  93  92 138 106 129 109 119  98
162 154 129 115  93  74  84  82  66  62  84  83 135 148  87  39
184 173 146 132 150 145 148 150  82  45  88 110 139 153 143 106
150 139 135 111 181 179 166 171 125 112 157 137 160 159 166 163
244 196 132 148 158 110  84 123 142 158 157 104 122 114 125 117
236 230 225 212 124  77 100 124 136 135 147 122  88  67 154 121
169 205 192 133  88 126 161 111  68 106 142 114  67  43 145 120
189 195 146  44 103 177 168  96  53 117 156 125 154 145 154 120
220 138 198  73 101 124 120  59  17 106 163 117 121 120 120 156
156 120 120 121 117 158  94   5   5  94 158 117 121 120 120 156
120 154 145 154 125 137  68  32  47  85 137 125 154 145 154 120
120 145  43  67 114 154 110  87 119 133 141 114  67  43 145 120
121 154  67  88 122 148 122 107 161 198 164 122  88  67 154 121
117 125 114 122 104 132 108 111 168 192 152 104 122 114 125 117
158 137 141 164 164 157 100 113 142 158 181 145 147 142 156 163
144  81 108 177 196 154 110 144 119 109 174 149 119  90 169 165
102  69  99 130 117  97  82 112  93  92 138 106 129 109 119  98
162 154 129 115  93  74  84  82  66  62  84  83 135 148  87  39
184 173 146 132 150 145 148 150  82  45  88 110 139 153 143 106
150 139 135 111 181 179 166 171 125 112 157 137 160 159 166 163
244 196 132 148 158 110  84 123 142 158 157 104 122 114 125 117
236 230 225 212 124  77 100 124 136 135 147 122  88  67 154 121
169 205 192 133  88 126 161 111  68 106 142 114  67  43 145 120
189 195 146  44 103 177 168  96  53 117 156 125 154 145 154 120
220 138 198  73 101 124 120  59  17 106 163 117 121 120 120 156
