255 255 255 255 255 255   0   0   0   0 255 255 255 255 255 255
255 255 255 255 255   0 255 255   0 255   0 255 255 255 255 255
255 255   0   0 255   0   0   0   0 255   0 255   0   0 255 255
255 255   0   0 255   0   0 255   0 255   0 255   0   0 255 255
255 255 255 255 255   0 255   0   0   0   0 255 255 255 255 255
255   0   0   0   0   0   0 255 255   0   0   0   0   0   0 255
  0   0   0 255 255   0   0   0   0   0 255 255   0   0 255   0
  0   0   0   0 255 255   0 255   0   0   0   0 255   0   0   0
  0 255   0   0   0 255   0 255   0 255   0   0 255 255 255   0
  0 255   0   0   0   0 255   0 255   0 255   0 255 255   0   0
255   0   0   0   0   0 255   0   0   0 255 255   0 255 255   0
255 255 255 255 255   0 255   0 255 255 255   0 255   0   0   0
255 255   0   0 255   0 255 255 255   0   0 255 255   0   0   0
255 255   0   0 255   0   0   0 255   0   0   0 255   0 255   0
255 255 255 255 255   0   0 255 255 255 255 255 255 255 255   0
255 255 255 255 255 255   0   0   0   0   0   0   0   0   0   0
255 255 255 255 255 255   0   0   0   0 255 255 255 255 255 255
255 255 255 255 255   0 255 255   0 255   0 255 255 255 255 255
255 255   0   0 255   0   0   0   0 255   0 255   0   0 255 255
255 255   0   0 255   0   0 255   0 255   0 255   0   0 255 255
255 255 255 255 255   0 255   0   0   0   0 255 255 255 255 255
255   0   0   0   0   0   0 255 255   0   0   0   0   0   0 255
  0   0   0 255 255   0   0   0   0   0 255 255   0   0 255   0
  0   0   0   0 255 255   0 255   0   0   0   0 255   0   0   0
  0 255   0   0   0 255   0 255   0 255   0   0 255 255 255   0
  0 255   0   0   0   0 255   0 255   0 255   0 255 255   0   0
255   0   0   0   0   0 255   0   0   0 255 255   0 255 255   0
255 255 255 255 255   0 255   0 255 255 255   0 255   0   0   0
255 255   0   0 255   0 255 255 255   0   0 255 255   0   0   0
255 255   0   0 255   0   0   0 255   0   0   0 255   0 255   0
255 255 255 255 255   0   0 255 255 255 255 255 255 255 255   0
255 255 255 255 255 255   0   0   0   0   0   0   0   0   0   0
255 255 255 255 255 255   0   0   0   0 255 255 255 255 255 255
255 255 255 255 255   0 255 255   0 255   0 255 255 255 255 255
255 255   0   0 255   0   0   0   0 255   0 255   0   0 255 255
255 255   0   0 255   0   0 255   0 255   0 255   0   0 255 255
255 255 255 255 255   0 255   0   0   0   0 255 255 255 255 255
255   0   0   0   0   0   0 255 255   0   0   0   0   0   0 255
  0   0   0 255 255   0   0   0   0   0 255 255   0   0 255   0
  0   0   0   0 255 255   0 255   0   0   0   0 255   0   0   0
  0 255   0   0   0 255   0 255   0 255   0   0 255 255 255   0
  0 255   0   0   0   0 255   0 255   0 255   0 255 255   0   0
255   0   0   0   0   0 255   0   0   0 255 255   0 255 255   0
255 255 255 255 255   0 255   0 255 255 255   0 255   0   0   0
255 255   0   0 255   0 255 255 255   0   0 255 255   0   0   0
255 255   0   0 255   0   0   0 255   0   0   0 255   0 255   0
255 255 255 255 255   0   0 255 255 255 255 255 255 255 255   0
255 255 255 255 255 255   0   0   0   0   0   0   0   0   0   0

156 120 120 121 117 163 106  17  59 120 124 101  73 198 138 220
120 154 145 154 125 156 117  53  96 168 177 103  44 146 195 189
120 145  43  67 114 142 106  70 117 166 126  88 133 192 205 169
121 154  67  88 122 147 135 149 167 133  77 124 212 225 230 236
117 125 114 122 104 157 158 146 138  96 110 158 148 132 196 244
163 166 159 160 137 157 112 125 171 166 179 181 111 135 139 150
106 143 153 139 110  88  45  85 156 152 146 151 133 146 174 184
 39  87 148 135  83  84  71 103 151 138  79  86 122 130 191 179
 98 119 109 129 106 138 114 111 144 135  89  87 121  81 140 129
165 169  90 119 149 174 124  87 108 136 148 168 161  86 119 153
163 156 142 147 145 181 155 124 119 128 163 164 164 141 137 158
117 125 114 122 104 152 177 117  63  96 132 104 122 114 125 117
121 154  67  88 122 164 157  84  35  89 148 122  88  67 154 121
120 145  43  67 114 141 104  90  94 123 158 114  67  43 145 120
120 154 145 154 125 137  85 119 178 180 162 125 154 145 154 120
156 120 120 121 117 158 149 165 176 189 184 117 121 120 120 156
156 120 120 121 117 163 106  17  59 120 124 101  73 198 138 220
120 154 145 154 125 156 117  53  96 168 177 103  44 146 195 189
120 145  43  67 114 142 106  70 117 166 126  88 133 192 205 169
121 154  67  88 122 147 135 149 167 133  77 124 212 225 230 236
117 125 114 122 104 157 158 146 138  96 110 158 148 132 196 244
163 166 159 160 137 157 112 125 171 166 179 181 111 135 139 150
106 143 153 139 110  88  45  85 156 152 146 151 133 146 174 184
 39  87 148 135  83  84  71 103 151 138  79  86 122 130 191 179
 98 119 109 129 106 138 114 111 144 135  89  87 121  81 140 129
165 169  90 119 149 174 124  87 108 136 148 168 161  86 119 153
163 156 142 147 145 181 155 124 119 128 163 164 164 141 137 158
117 125 114 122 104 152 177 117  63  96 132 104 122 114 125 117
121 154  67  88 122 164 157  84  35  89 148 122  88  67 154 121
120 145  43  67 114 141 104  90  94 123 158 114  67  43 145 120
120 154 145 154 125 137  85 119 178 180 162 125 154 145 154 120
156 120 120 121 117 158 149 165 176 189 184 117 121 120 120 156
156 120 120 121 117 163 106  17  59 120 124 101  73 198 138 220
120 154 145 154 125 156 117  53  96 168 177 103  44 146 195 189
120 145  43  67 114 142 106  70 117 166 126  88 133 192 205 169
121 154  67  88 122 147 135 149 167 133  77 124 212 225 230 236
117 125 114 122 104 157 158 146 138  96 110 158 148 132 196 244
163 166 159 160 137 157 112 125 171 166 179 181 111 135 139 150
106 143 153 139 110  88  45  85 156 152 146 151 133 146 174 184
 39  87 148 135  83  84  71 103 151 138  79  86 122 130 191 179
 98 119 109 129 106 138 114 111 144 135  89  87 121  81 140 129
165 169  90 119 149 174 124  87 108 136 148 168 161  86 119 153
163 156 142 147 145 181 155 124 119 128 163 164 164 141 137 158
117 125 114 122 104 152 177 117  63  96 132 104 122 114 125 117
121 154  67  88 122 164 157  84  35  89 148 122  88  67 154 121
120 145  43  67 114 141 104  90  94 123 158 114  67  43 145 120
120 154 145 154 125 137  85 119 178 180 162 125 154 145 154 120
156 120 120 121 117 158 149 165 176 189 184 117 121 120 120 156

220 189 169 236 244 150 184 179 129 153 158 117 121 120 120 156
138 195 205 230 196 139 174 191 140 119 137 125 154 145 154 120
198 146 192 225 132 135 146 130  81  86 141 114  67  43 145 120
 73  44 133 212 148 111 133 122 121 161 164 122  88  67 154 121
101 103  88 124 158 181 151  86  87 168 164 104 122 114 125 117
124 177 126  77 110 179 146  79  89 148 163 132 148 158 162 184
120 168 166 133  96 166 152 138 135 136 128  96  89 123 180 189
 59  96 117 167 138 171 156 151 144 108 119  63  35  94 178 176
 17  53  70 149 146 125  85 103 111  87 124 117  84  90 119 165
106 117 106 135 158 112  45  71 114 124 155 177 157 104  85 149
163 156 142 147 157 157  88  84 138 174 181 152 164 141 137 158
117 125 114 122 104 137 110  83 106 149 145 104 122 114 125 117
121 154  67  88 122 160 139 135 129 119 147 122  88  67 154 121
120 145  43  67 114 159 153 148 109  90 142 114  67  43 145 120
120 154 145 154 125 166 143  87 119 169 156 125 154 145 154 120
156 120 120 121 117 163 106  39  98 165 163 117 121 120 120 156
220 189 169 236 244 150 184 179 129 153 158 117 121 120 120 156
138 195 205 230 196 139 174 191 140 119 137 125 154 145 154 120
198 146 192 225 132 135 146 130  81  86 141 114  67  43 145 120
 73  44 133 212 148 111 133 122 121 161 164 122  88  67 154 121
101 103  88 124 158 181 151  86  87 168 164 104 122 114 125 117
124 177 126  77 110 179 146  79  89 148 163 132 148 158 162 184
120 168 166 133  96 166 152 138 135 136 128  96  89 123 180 189
 59  96 117 167 138 171 156 151 144 108 119  63  35  94 178 176
 17  53  70 149 146 125  85 103 111  87 124 117  84  90 119 165
106 117 106 135 158 112  45  71 114 124 155 177 157 104  85 149
163 156 142 147 157 157  88  84 138 174 181 152 164 141 137 158
117 125 114 122 104 137 110  83 106 149 145 104 122 114 125 117
121 154  67  88 122 160 139 135 129 119 147 122  88  67 154 121
120 145  43  67 114 159 153 148 109  90 142 114  67  43 145 120
120 154 145 154 125 166 143  87 119 169 156 125 154 145 154 120
156 120 120 121 117 163 106  39  98 165 163 117 121 120 120 156
220 189 169 236 244 150 184 179 129 153 158 117 121 120 120 156
138 195 205 230 196 139 174 191 140 119 137 125 154 145 154 120
198 146 192 225 132 135 146 130  81  86 141 114  67  43 145 120
 73  44 133 212 148 111 133 122 121 161 164 122  88  67 154 121
101 103  88 124 158 181 151  86  87 168 164 104 122 114 125 117
124 177 126  77 110 179 146  79  89 148 163 132 148 158 162 184
120 168 166 133  96 166 152 138 135 136 128  96  89 123 180 189
 59  96 117 167 138 171 156 151 144 108 119  63  35  94 178 176
 17  53  70 149 146 125  85 103 111  87 124 117  84  90 119 165
106 117 106 135 158 112  45  71 114 124 155 177 157 104  85 149
163 156 142 147 157 157  88  84 138 174 181 152 164 141 137 158
117 125 114 122 104 137 110  83 106 149 145 104 122 114 125 117
121 154  67  88 122 160 139 135 129 119 147 122  88  67 154 121
120 145  43  67 114 159 153 148 109  90 142 114  67  43 145 120
120 154 145 154 125 166 143  87 119 169 156 125 154 145 154 120
156 120 120 121 117 163 106  39  98 165 163 117 121 120 120 156

156 120 120 121 117 184 189 176 165 149 158 117 121 120 120 156
120 154 145 154 125 162 180 178 119  85 137 125 154 145 154 120
120 145  43  67 114 158 123  94  90 104 141 114  67  43 145 120
121 154  67  88 122 148  89  35  84 157 164 122  88  67 154 121
117 125 114 122 104 132  96  63 117 177 152 104 122 114 125 117
158 137 141 164 164 163 128 119 124 155 181 145 147 142 156 163
153 119  86 161 168 148 136 108  87 124 174 149 119  90 169 165
129 140  81 121  87  89 135 144 111 114 138 106 129 109 119  98
179 191 130 122  86  79 138 151 103  71  84  83 135 148  87  39
184 174 146 133 151 146 152 156  85  45  88 110 139 153 143 106
150 139 135 111 181 179 166 171 125 112 157 137 160 159 166 163
244 196 132 148 158 110  96 138 146 158 157 104 122 114 125 117
236 230 225 212 124  77 133 167 149 135 147 122  88  67 154 121
169 205 192 133  88 126 166 117  70 106 142 114  67  43 145 120
189 195 146  44 103 177 168  96  53 117 156 125 154 145 154 120
220 138 198  73 101 124 120  59  17 106 163 117 121 120 120 156
156 120 120 121 117 184 189 176 165 149 158 117 121 120 120 156
120 154 145 154 125 162 180 178 119  85 137 125 154 145 154 120
120 145  43  67 114 158 123  94  90 104 141 114  67  43 145 120
121 154  67  88 122 148  89  35  84 157 164 122  88  67 154 121
117 125 114 122 104 132  96  63 117 177 152 104 122 114 125 117
158 137 141 164 164 163 128 119 124 155 181 145 147 142 156 163
153 119  86 161 168 148 136 108  87 124 174 149 119  90 169 165
129 140  81 121  87  89 135 144 111 114 138 106 129 109 119  98
179 191 130 122  86  79 138 151 103  71  84  83 135 148  87  39
184 174 146 133 151 146 152 156  85  45  88 110 139 153 143 106
150 139 135 111 181 179 166 171 125 112 157 137 160 159 166 163
244 196 132 148 158 110  96 138 146 158 157 104 122 114 125 117
236 230 225 212 124  77 133 167 149 135 147 122  88  67 154 121
169 205 192 133  88 126 166 117  70 106 142 114  67  43 145 120
189 195 146  44 103 177 168  96  53 117 156 125 154 145 154 120
220 138 198  73 101 124 120  59  17 106 163 117 121 120 120 156
156 120 120 121 117 184 189 176 165 149 158 117 121 120 120 156
120 154 145 154 125 162 180 178 119  85 137 125 154 145 154 120
120 145  43  67 114 158 123  94  90 104 141 114  67  43 145 120
121 154  67  88 122 148  89  35  84 157 164 122  88  67 154 121
117 125 114 122 104 132  96  63 117 177 152 104 122 114 125 117
158 137 141 164 164 163 128 119 124 155 181 145 147 142 156 163
153 119  86 161 168 148 136 108  87 124 174 149 119  90 169 165
129 140  81 121  87  89 135 144 111 114 138 106 129 109 119  98
179 191 130 122  86  79 138 151 103  71  84  83 135 148  87  39
184 174 146 133 151 146 152 156  85  45  88 110 139 153 143 106
150 139 135 111 181 179 166 171 125 112 157 137 160 159 166 163
244 196 132 148 158 110  96 138 146 158 157 104 122 114 125 117
236 230 225 212 124  77 133 167 149 135 147 122  88  67 154 121
169 205 192 133  88 126 166 117  70 106 142 114  67  43 145 120
189 195 146  44 103 177 168  96  53 117 156 125 154 145 154 120
220 138 198  73 101 124 120  59  17 106 163 117 121 120 120 156
